0 0.1 3.766529664045747 0 3.766529664045747 3.766529664045747 0 0
10 0.1 1.14713216957606 0.0 3.766529664045747 1.14713216957606 3.766529664045747 1
20 0.1 0.5007511266900351 0.0 3.766529664045747 0.5007511266900351 2.4568309168109037 2
30 0.1 0.5002501250625313 0.0 3.766529664045747 0.5002501250625313 1.8048043201039476 3
40 0.1 0.7003501750875438 0.0 3.766529664045747 0.5002501250625313 1.4786657713435936 4
50 0.1 0.6006006006006006 0.0 3.766529664045747 0.5002501250625313 1.3230026520923837 5
60 0.1 0.5505505505505506 0.0 3.766529664045747 0.5002501250625313 1.2026023101770864 6
70 0.1 1.0484273589615578 0.0 3.766529664045747 0.5002501250625313 1.109452058801867 7
80 0.1 2.8372324539571925 0.0 3.766529664045747 0.5002501250625313 1.1018239713218283 8
90 0.1 1.7991004497751124 0.0 3.766529664045747 0.5002501250625313 1.294647136059091 9
100 0.1 1.0510510510510511 0.0 3.766529664045747 0.5002501250625313 1.345092467430693 10
110 0.1 2.0377733598409544 0.0 3.766529664045747 0.5002501250625313 1.3183614295779982 11
120 0.1 1.2024048096192386 0.0 3.766529664045747 0.5002501250625313 1.3783124237665778 12
130 0.1 1.7438963627304436 0.0 3.766529664045747 0.5002501250625313 1.364781068832167 13
140 0.1 2.2965551672491267 0.0 3.766529664045747 0.5002501250625313 1.391860732682044 14
150 0.1 2.0100502512562812 0.0 3.766529664045747 0.5002501250625313 1.4521736949865163 15
160 0.1 2.001000500250125 0.0 3.766529664045747 0.5002501250625313 1.4870409797533766 16
170 0.1 1.99501246882793 0.0 3.766529664045747 0.5002501250625313 1.5172738927237734 17
180 0.1 2.284011916583913 0.0 3.766529664045747 0.5002501250625313 1.5438149247295598 18
190 0.1 3.681592039800995 0.0 3.766529664045747 0.5002501250625313 1.582772661142947 19
200 0.1 3.104656985478217 0.0 3.766529664045747 0.5002501250625313 1.6877136300758493 20
210 0.1 3.2950574138791815 0.0 3.766529664045747 0.5002501250625313 1.7551871231902478 21
220 0.1 3.039362232187344 0.0 3.766529664045747 0.5002501250625313 1.825181227312472 22
230 0.1 2.4549098196392785 0.0 3.766529664045747 0.5002501250625313 1.8779717057852923 23
240 0.1 3.723932472691162 0.0 3.766529664045747 0.5002501250625313 1.9020107938625417 24
250 0.1 7.861328125 0.0 7.861328125 0.5002501250625313 1.9748876610156865 25
260 0.1 6.359539308963445 0.0 7.861328125 0.5002501250625313 2.2012892173227754 26
270 0.1 6.277805239742956 0.0 7.861328125 0.5002501250625313 2.3552984799761334 27
280 0.1 7.5892857142857135 0.0 7.861328125 0.5002501250625313 2.495388007110663 28
290 0.1 6.545275590551181 0.0 7.861328125 0.5002501250625313 2.6710396521856645 29
300 0.1 5.686965274282838 0.0 7.861328125 0.5002501250625313 2.800180850131182 30
310 0.1 11.582060128141942 0.0 11.582060128141942 0.5002501250625313 2.8933029283296223 31
320 0.1 13.09288537549407 0.0 13.09288537549407 0.5002501250625313 3.1648265908237576 32
330 0.1 13.102409638554215 0.0 13.102409638554215 0.5002501250625313 3.4656768570258882 33
340 0.1 11.393034825870647 0.0 13.102409638554215 0.5002501250625313 3.7491101741296626 34
350 0.1 14.292706803720021 0.0 14.292706803720021 0.5002501250625313 3.967508021322262 35
360 0.1 12.56803562592776 0.0 14.292706803720021 0.5002501250625313 4.254319098611089 36
370 0.1 25.958702064896755 0.0 25.958702064896755 0.5002501250625313 4.479014139889918 37
380 0.1 25.72552877520905 0.0 25.958702064896755 0.5002501250625313 5.044269085284834 38
390 0.1 25.40160642570281 0.0 25.958702064896755 0.5002501250625313 5.5745577952828915 39
400 0.1 25.22567703109328 0.0 25.958702064896755 0.5002501250625313 6.070234011043389 40
410 0.1 27.652259332023576 0.0 27.652259332023576 0.5002501250625313 6.537439938361679 41
418 0.1 25.86891757696127 0.0 27.652259332023576 0.5002501250625313 7.040173733448866 42
