0 3.2 32
10 3.2 64
20 2 84
30 2.8 112
40 3.2 144
50 3.2 176
60 5.6 232
70 6.4 296
80 7.2 368
90 5.6 424
100 9.1 515
110 9.7 612
120 12 732
130 15.2 884
140 19.6 1080
150 18 1260
160 14 1400
170 18.4 1584
180 25 1834
190 31 2144
200 30.9 2453
210 31.5 2768
220 25.4 3022
230 35 3372
240 51.9 3891
250 69.6 4587
260 57.7 5164
270 66.6 5830
280 64.1 6471
290 69.4 7165
300 94.7 8112
310 127.5 9387
320 140.1 10788
330 115.1 11939
340 125 13189
350 117.7 14366
360 225.9 16625
370 263.6 19261
380 236.9 21630
390 251.2 24142
400 251.1 26653
410 266.8 29321
418 64.3 29964
