0 0.8 8
10 0.8 16
20 0.5 21
30 0.7 28
40 0.8 36
50 0.8 44
60 1.4 58
70 1.6 74
80 1.8 92
90 1.4 106
100 2.2 128
110 2.5 153
120 3 183
130 3.8 221
140 4.9 270
150 4.5 315
160 3.5 350
170 4.6 396
180 6.2 458
190 7.8 536
200 7.7 613
210 7.9 692
220 6.3 755
230 8.8 843
240 12.9 972
250 17.4 1146
260 14.5 1291
270 16.6 1457
280 16 1617
290 17.3 1790
300 23.7 2027
310 31.9 2346
320 35.1 2697
330 28.7 2984
340 31.2 3296
350 29.4 3590
360 56.2 4152
370 66.1 4813
380 59.2 5405
390 62.7 6032
400 62.9 6661
410 66.5 7326
418 16.5 7491
