0 0.8 8
10 0.8 16
20 0.6 22
30 0.6 28
40 0.8 36
50 0.8 44
60 1.5 59
70 1.5 74
80 1.8 92
90 1.4 106
100 2.3 129
110 2.4 153
120 3 183
130 3.8 221
140 5 271
150 4.4 315
160 3.5 350
170 4.6 396
180 6.3 459
190 7.7 536
200 7.7 613
210 7.9 692
220 6.3 755
230 8.8 843
240 13.3 976
250 17.5 1151
260 14.4 1295
270 16.9 1464
280 16.2 1626
290 17.1 1797
300 24 2037
310 32 2357
320 34.3 2700
330 29.2 2992
340 31.4 3306
350 29 3596
360 57.2 4168
370 65.5 4823
380 58.9 5412
390 63 6042
400 62.7 6669
410 66.4 7333
418 15.8 7491
