0 0.1 517.4375 0 517.4375 517.4375 0 0
10 0.1 519.19140625 0.0 519.19140625 517.4375 517.4375 1
20 0.1 522.41796875 0.0 522.41796875 517.4375 518.314453125 2
30 0.1 522.890625 0.0 522.890625 517.4375 519.6822916666666 3
40 0.1 522.296875 0.0 522.890625 517.4375 520.484375 4
50 0.1 522.01171875 0.0 522.890625 517.4375 520.846875 5
60 0.1 522.25 0.0 522.890625 517.4375 521.041015625 6
70 0.1 521.69140625 0.0 522.890625 517.4375 521.2137276785714 7
80 0.1 520.484375 0.0 522.890625 517.4375 521.2734375 8
90 0.1 519.80859375 0.0 522.890625 517.4375 521.1857638888889 9
100 0.1 520.94140625 0.0 522.890625 517.4375 521.048046875 10
110 0.1 520.25390625 0.0 522.890625 517.4375 521.0383522727273 11
120 0.1 520.18359375 0.0 522.890625 517.4375 520.9729817708334 12
130 0.1 519.9921875 0.0 522.890625 517.4375 520.9122596153846 13
140 0.1 518.28125 0.0 522.890625 517.4375 520.8465401785714 14
150 0.1 519.453125 0.0 522.890625 517.4375 520.6755208333333 15
160 0.1 519.3984375 0.0 522.890625 517.4375 520.59912109375 16
170 0.1 519.109375 0.0 522.890625 517.4375 520.5284926470588 17
180 0.1 519.80859375 0.0 522.890625 517.4375 520.4496527777778 18
190 0.1 519.08984375 0.0 522.890625 517.4375 520.4159128289474 19
200 0.1 519.734375 0.0 522.890625 517.4375 520.349609375 20
210 0.1 519.8671875 0.0 522.890625 517.4375 520.3203125 21
220 0.1 519.625 0.0 522.890625 517.4375 520.2997159090909 22
230 0.1 520.62890625 0.0 522.890625 517.4375 520.2703804347826 23
240 0.1 519.33984375 0.0 522.890625 517.4375 520.2853190104166 24
250 0.1 519.99609375 0.0 522.890625 517.4375 520.2475 25
260 0.1 519.8046875 0.0 522.890625 517.4375 520.2378305288461 26
270 0.1 519.94921875 0.0 522.890625 517.4375 520.2217881944443 27
280 0.1 518.73828125 0.0 522.890625 517.4375 520.2120535714284 28
290 0.1 519.84765625 0.0 522.890625 517.4375 520.1612338362067 29
300 0.1 520.3359375 0.0 522.890625 517.4375 520.1507812499999 30
310 0.1 519.78125 0.0 522.890625 517.4375 520.1567540322579 31
320 0.1 519.41796875 0.0 522.890625 517.4375 520.1450195312499 32
330 0.1 519.82421875 0.0 522.890625 517.4375 520.1229876893939 33
340 0.1 520.0078125 0.0 522.890625 517.4375 520.114200367647 34
350 0.1 519.28125 0.0 522.890625 517.4375 520.1111607142856 35
360 0.1 520.19921875 0.0 522.890625 517.4375 520.0881076388888 36
370 0.1 519.609375 0.0 522.890625 517.4375 520.0911106418918 37
380 0.1 519.8828125 0.0 522.890625 517.4375 520.0784333881578 38
390 0.1 520.84375 0.0 522.890625 517.4375 520.0734174679486 39
400 0.1 520.88671875 0.0 522.890625 517.4375 520.0926757812499 40
410 0.1 513.36328125 0.0 522.890625 513.36328125 520.1120426829267 41
418 0.1 519.55078125 0.0 522.890625 513.36328125 519.9513578869047 42
