0 0.1 0.03125 0 0.03125 0.03125 0 0
10 0.1 0.01953125 0.0 0.03125 0.01953125 0.03125 1
20 0.1 0.01953125 0.0 0.03125 0.01953125 0.025390625 2
30 0.1 0.01953125 0.0 0.03125 0.01953125 0.0234375 3
40 0.1 0.01171875 0.0 0.03125 0.01171875 0.0224609375 4
50 0.1 0.01171875 0.0 0.03125 0.01171875 0.0203125 5
60 0.1 0.01171875 0.0 0.03125 0.01171875 0.018880208333333332 6
70 0.1 0.01171875 0.0 0.03125 0.01171875 0.017857142857142856 7
80 0.1 0.078125 0.0 0.078125 0.01171875 0.01708984375 8
90 0.1 0.140625 0.0 0.140625 0.01171875 0.023871527777777776 9
100 0.1 0.12109375 0.0 0.140625 0.01171875 0.035546875 10
110 0.1 0.1015625 0.0 0.140625 0.01171875 0.04332386363636364 11
120 0.1 0.078125 0.0 0.140625 0.01171875 0.048177083333333336 12
130 0.1 0.0703125 0.0 0.140625 0.01171875 0.05048076923076923 13
140 0.1 0.05859375 0.0 0.140625 0.01171875 0.05189732142857143 14
150 0.1 0.05078125 0.0 0.140625 0.01171875 0.05234375 15
160 0.1 0.0390625 0.0 0.140625 0.01171875 0.05224609375 16
170 0.1 0.0390625 0.0 0.140625 0.01171875 0.051470588235294115 17
180 0.1 0.03125 0.0 0.140625 0.01171875 0.05078125 18
190 0.1 0.01953125 0.0 0.140625 0.01171875 0.04975328947368421 19
200 0.1 0.171875 0.0 0.171875 0.01171875 0.0482421875 20
210 0.1 0.140625 0.0 0.171875 0.01171875 0.05412946428571429 21
220 0.1 0.28125 0.0 0.28125 0.01171875 0.058061079545454544 22
230 0.1 0.23828125 0.0 0.28125 0.01171875 0.06776494565217392 23
240 0.1 0.19921875 0.0 0.28125 0.01171875 0.07486979166666667 24
250 0.1 0.3203125 0.0 0.3203125 0.01171875 0.07984375 25
260 0.1 0.26953125 0.0 0.3203125 0.01171875 0.08909254807692307 26
270 0.1 0.23046875 0.0 0.3203125 0.01171875 0.09577546296296297 27
280 0.1 0.19140625 0.0 0.3203125 0.01171875 0.1005859375 28
290 0.1 0.16015625 0.0 0.3203125 0.01171875 0.10371767241379311 29
300 0.1 0.140625 0.0 0.3203125 0.01171875 0.10559895833333334 30
310 0.1 0.26171875 0.0 0.3203125 0.01171875 0.1067288306451613 31
320 0.1 0.30078125 0.0 0.3203125 0.01171875 0.111572265625 32
330 0.1 0.25 0.0 0.3203125 0.01171875 0.11730587121212122 33
340 0.1 0.44140625 0.0 0.44140625 0.01171875 0.12120863970588236 34
350 0.1 0.37109375 0.0 0.44140625 0.01171875 0.13035714285714287 35
360 0.1 0.30859375 0.0 0.44140625 0.01171875 0.13704427083333334 36
370 0.1 0.62890625 0.0 0.62890625 0.01171875 0.14168074324324326 37
380 0.1 1.21875 0.0 1.21875 0.01171875 0.1545024671052632 38
390 0.1 1.328125 0.0 1.328125 0.01171875 0.18179086538461542 39
400 0.1 1.12890625 0.0 1.328125 0.01171875 0.21044921875000006 40
410 0.1 1.328125 0.0 1.328125 0.01171875 0.23285060975609762 41
418 0.1 1.37109375 0.0 1.37109375 0.01171875 0.25892857142857145 42
