0 0.8 71.87875 6.248331052169057 82.882 67.086 0 0
10 0.8 70.22287499999999 2.2887142917749665 82.882 67.086 71.87875 8
20 0.6 68.01100000000001 0.8080715727376329 82.882 66.664 71.05081249999999 16
30 0.6 68.57233333333333 1.3863996137077124 82.882 66.664 70.22177272727272 22
40 0.8 67.17237500000002 0.8774987090446386 82.882 65.747 69.86832142857142 28
50 0.8 67.90512500000001 1.1185702299699356 82.882 65.747 69.26922222222223 36
60 1.5 68.825 3.5473839562885408 82.882 65.747 69.02120454545455 44
70 1.5 69.84453333333333 4.10156608897409 83.467 65.747 68.97132203389832 59
80 1.8 68.13416666666669 1.0716933252257108 83.467 65.747 69.14832432432434 74
90 1.4 67.96407142857143 0.6024179214140413 83.467 65.747 68.94990217391306 92
100 2.3 69.84095652173913 2.8016477058464835 83.467 65.747 68.81969811320756 106
110 2.4 68.20845833333333 1.6692836282660897 83.467 65.674 69.00178294573645 129
120 3 69.6802 2.872352211457827 83.467 65.674 68.87733986928104 153
130 3.8 68.64228947368419 1.491627579946688 83.467 65.674 69.008956284153 183
140 5 68.54878 1.2423611920854523 83.467 65.674 68.94590950226244 221
150 4.4 68.05906818181815 1.3146919687227039 83.467 65.674 68.87263837638375 271
160 3.5 68.67871428571426 1.6904935470604623 83.467 65.226 68.7589968253968 315
170 4.6 69.89363043478261 3.1711976571656457 83.467 65.226 68.75096857142854 350
180 6.3 70.67792063492065 5.111655685865789 102.241 65.226 68.883702020202 396
190 7.7 67.94654545454543 3.4242569638430194 102.241 65.226 69.12996732026141 459
200 7.7 68.88000000000007 2.28118132417531 102.241 65.226 68.9599608208955 536
210 7.9 68.23832911392405 1.9196388420974115 102.241 65.226 68.9499168026101 613
220 6.3 68.434873015873 2.010677217447879 102.241 65.226 68.86868063583815 692
230 8.8 68.68354545454541 1.8003313325676464 102.241 65.226 68.8324821192053 755
240 13.3 71.78332330827071 5.773582080331841 102.241 65.226 68.81693475682087 843
250 17.5 69.20329714285722 3.3086802466487 102.241 65.226 69.22116598360655 976
260 14.4 69.44772916666673 2.7328638499717948 102.241 65.226 69.21844917463076 1151
270 16.9 69.00721301775148 2.3719656521997043 102.241 65.226 69.24394440154443 1295
280 16.2 69.48077160493823 2.867822844526624 102.241 65.226 69.2166168032787 1464
290 17.1 68.83481871345032 3.114994289445098 102.241 65.071 69.2429348093481 1626
300 24 71.13753750000004 5.047349048288669 102.241 65.071 69.20409905397887 1797
310 32 69.44605937499998 2.919054592175282 102.241 65.071 69.43189739813452 2037
320 34.3 69.57679591836742 3.9640695979753833 102.241 65.071 69.43382011030972 2357
330 29.2 69.37472260273971 3.631305013037086 102.241 65.067 69.45198333333335 2700
340 31.4 70.54722929936307 3.281224936084042 102.241 65.067 69.44444318181819 2992
350 29 69.83619310344831 3.5866362077647316 102.241 65.067 69.54918451300665 3306
360 57.2 71.66730244755256 7.659981655964625 135.048 65.067 69.57233036707453 3596
370 65.5 70.32750839694653 3.942798775718505 135.048 65.067 69.85983613243764 4168
380 58.9 69.95857215619695 3.709042079112033 135.048 65.067 69.92334957495336 4823
390 63 69.65321587301587 3.635764713920048 135.048 65.067 69.92718292682927 5412
400 62.7 70.6591212121212 3.9216214990077605 135.048 65.067 69.89861635220127 6042
410 66.4 70.08623343373495 4.105402596230388 135.048 64.945 69.97011680911682 6669
418 15.8 72.44555696202535 4.829771544369987 135.048 64.945 69.98063111959635 7333
