0 0.8 8
10 0.8 16
20 0.6 22
30 0.6 28
40 0.8 36
50 0.8 44
60 1.5 59
70 1.5 74
80 1.8 92
90 1.5 107
100 2.2 129
110 2.4 153
120 3 183
130 3.8 221
140 5 271
150 4.4 315
160 3.5 350
170 4.6 396
180 6.3 459
190 7.7 536
200 7.8 614
210 7.8 692
220 6.4 756
230 8.7 843
240 13.3 976
250 17.6 1152
260 14.3 1295
270 17.1 1466
280 16 1626
290 17.2 1798
300 24.1 2039
310 31.9 2358
320 34.4 2702
330 29.1 2993
340 31.5 3308
350 29 3598
360 57.4 4172
370 65.5 4827
380 58.8 5415
390 63 6045
400 62.5 6670
410 66.9 7339
418 15.2 7491
